289935886000583
358800007279194
860000017120105
860000017120147
860000017120220
860000017120261
860000017120303
860000017120345
860000017120386
860000017120428
860000017120469
860000017120501
860000017120543
860000017120584
860000017120626
860000017120667
860000017120709
860000017120741
860000017120782
860000017120824
860000017120865
860000017120907
860000017120949
860000017120980
860000017121020
860000017121061
860000017121103
860000017121145
860000017121186
860000017121228
860000017121269
860000017121301
860000017121343
860000017121384
860000017121426
860000017121467
860000017121509
860000017121541
860000017121582
860000017121624
860000017121665
860000017121707
860000017121749
860000017121780
860000017121863
860000017121905
860000017122028
860000017122069
860000017122101
860000017122143
860000017122184
860000017122267
860000017122309
860000017122341
860000017122424
860000017122465
860000017122507
860000017122549
860000017122580
860000017122622
860000017122663
860000017122788
860000017122820
860000017122903
860000017122945
860000017122986
860000017123026
860000017123067
860000017123109
860000017123141
860000017123182
860000017123224
860000017123265
860000017123307
860000017123380
860000017123422
860000017123463
860000017123505
860000017123547
860000017123588
860000017123620
860000017123703
860000017123745
860000017123786
860000017123828
860000017123869
860000017123901
860000017123943
860000017123984
860000017124024
860000017124065
860000017124107
860000018231133
860000018231174
860000018231216
860000018231257
860000018231299
860000018231331
860000018231414
860000018231455
860000018231612
860000018231695
860000018231810
860000018231851
860000018231893
860000018232214
860000018232255
860000018232297		
860000018232339
860000018232537
860000018232578
860000018232651
860000018232818
860000018232891
860000018233097
860000018233212
860000018234574
860000018235019		
860000018235175
860000018235415
860000018235654
860000018235696
860000018235738
860000018235894		
860000018235936
860000018235977
860000018236017
860000018236330
860000018236413
860000018236454
860000018236579
860000018236819		
860000018237536
860000018237775
860000018237858
860000018238138
860000018238252
860000018238336
860000018238575
860000018238658
860000018238732		
860000029326039
886626888833754
889358866007705
889358866007744
889358866008157
889358866008205
889358866008255
889358866008274
889358866008275
889358866008294
889358866008296
889358866008344
889358866008354
889358866008369
889358866008396
998855661004566
998855661004606
998855661004646
998855661004666
998855661004676
998855661004736
998855661004756
998855661004766
998855661004806
998855661004836
998855661004846
998855661004926
998855661004986
998855661005046
998855661005066
998855661005076
998855661005096
998855661005106
998855661005166
998855661005196
998855661005326
998855661005386
998855661005406
998855661005476
998855661005516
998855661005526
998855661005536
998855661005546
998855661005556
998855661005606
998855661005616
998855661005636
998855661008256
998855661008576
998855661009066
998855661009146
998855661009446
998855661009466
998855661009496
998855661009586
998855661009646