860000018234533
860000018234376
860000018234293
860000018222975
860000017122705
860000018234418
860000018235050
860000017123349
860000018232859
860000018234699
860000018234731
886626888815007
860000018234491
860000029341038
860000029340519
860000029353710
860000029352159
860000029352555
860000029352316
860000029352076
860000029352472
860000029351870
860000029352399
860000029351953
860000029353793
860000029352357
860000029351797
860000029352118
860000029341079
860000029340832
860000029352431
860000029354791
860000029352639
860000029341111
860000029352035
860000029352753
860000029352670
860000029352795
860000029341152
860000029352837
860000029351912
860000029340790
860000029352597