358800026014390
358800026007436
358800026006750
358800026000951
358800026315953
358800026184433
358800026307398
358800026032475
358800026072513
358800026201039
358800026180159
358800026177114
358800026329517
358800026082918
358800026182718
358800026034034
358800026195272
358800026006594
358800026021676
358800026027954
358800026306911
358800026350679
358800026302837
358800026296112
358800026041518
358800026005356
358800026205352
358800026002197
358800026230632
358800026009192
358800026244757
358800026217555
358800026238197
358800026054354
358800026005794
358800026287996
358800026025511
358800026018359
358800026210519
358800026069519