886626888815010
886626888815011
886626888815012
886626888815015
886626888815016
886626888815021
886626888815022
886626888815023
886626888815024
886626888815025
886626888815026
886626888815027
886626888815028
886626888815029
886626888815033
886626888815034
886626888815037
886626888815038
886626888815039
886626888815040
886626888815041
886626888815046
886626888815048
886626888815049
886626888815050
886626888815051
886626888815053
886626888815055
886626888815056
886626888815057
886626888815062
886626888815064
886626888815065
886626888815100
886626888815105
886626888815111
886626888815112
886626888815118
886626888815136
886626888815138
886626888815164
886626888815002
886626888815004
889358866004298
889358866004311
889358866004312
889358866004316
889358866004317
889358866004319
889358866004320
889358866004321
889358866004322
889358866004329
889358866004341
889358866004352
889358866004354
889358866004355
889358866004357
889358866004369
889358866004370
889358866004371
889358866004378
889358866004384
889358866004385
889358866004395
889358866004401
889358866004405
889358866004409
889358866004420
889358866004430
889358866004433
889358866004435
889358866004437
889358866004440
889358866004442
889358866004449
889358866004451
889358866004456
889358866004459
889358866004460
889358866004464
889358866004465
889358866004466
889358866004468
889358866004469
889358866004470
889358866010486
889358866010653
889358866010661
889358866010664
889358866010671
889358866010691
889358866010707
889358866010747
889358866010749
889358866010757
889358866010761
889358866010764
889358866010793
889358866010832
889358866010837
889358866010847
889358866010852
889358866010856
889358866010864
889358866010894
889358866010898
889358866010903
889358866010916
889358866010917
889358866010934
889358866010938
889358866010940
889358866011609
889358866012000
889358866012289
889358866012717
889358866012771
889358866007405
889358866007419
889358866007421
889358866007584
889358866007594
889358866007602
889358866007794
889358866007908
889358866008019
889358866008050
889358866008051
889358866008057
886626888815008
889358866010763
889358866010485
889358866008352
889358866010918
889358866010650
889358866012848
889358866012847
889358866008349
889358866007685
889358866008032
889358866007694
889358866007475
889358866007453
889358866007627
889358866007416
889358866007683
889358866007430
889358866007425
889358866008028
889358866007761
889358866008320
889358866008048
889358866008312
889358866007716
889358866008024
889358866007454
889358866007759
889358866007480
889358866007746
889358866007748
889358866007414
889358866007621
889358866007721
889358866008266
889358866007493
889358866007688
889358866007737
889358866007483
889358866007544
889358866007706
889358866010920
998855661061506
998855661061126
998855661061096
998855661060036
998855661060256
998855661060196
998855661062356
998855661060206
998855661061826
998855661060966
998855661061846
998855661060506
998855661060806
998855661060186
998855661060646
998855661061146
998855661060386
998855661061716
998855661061726
998855661061676
998855661060956
998855661061776
998855661061786
998855661061376
998855661061076
998855661061806
998855661060896
998855661061766
998855661060736
998855661062346
998855661061066
998855661062046