860000030460173
860000038066246
860000030465974
860000038068200
860000030459258
860000038068127
860000038062922
860000030458730
860000030469935
860000030457856
860000030467970
860000030460850
860000038068564
860000030466816
860000038067889
860000038071048
860000030461213
860000038069760
860000038064241
860000038068960
860000038071246
860000030460017
860000030463615
860000038071089
860000030467533
860000030459852
860000030456775
860000030456338
860000030465537
860000030467574
860000030470057
860000038064969
860000030461171
860000030458698
860000038064084
860000030465693
860000030468531
860000030459498
860000030460892
860000030460058
860000030462211
860000038065800
860000038070768
860000038071287
860000030461858
860000030469414
860000038064282
860000030468499
860000038065164
860000038067442
